crossing time (s)	slope (V/s)	crossing number
281474976710655.000000	4.356550	9717	0.000000
281474976710655.000000	5.664986	9718	24243609600.000000
281474976710655.000000	6.159713	9719	24244633600.000000
281474976710655.000000	5.642709	9720	24245682176.000000
281474976710655.000000	4.151720	9721	24246736896.000000
281474976710655.000000	5.679934	9722	24247758848.000000
281474976710655.000000	4.648314	9723	24248817664.000000
281474976710655.000000	5.647501	9724	24249845760.000000
281474976710655.000000	5.727915	9725	24250884096.000000
281474976710655.000000	5.902551	9726	24251947008.000000
281474976710655.000000	5.731455	9727	24252948480.000000
281474976710655.000000	6.156870	9728	24254029824.000000
281474976710655.000000	5.267035	9729	24255043584.000000
281474976710655.000000	5.828941	9730	24256081920.000000
281474976710655.000000	5.261800	9731	24257159168.000000
281474976710655.000000	6.190815	9732	24258174976.000000
281474976710655.000000	5.700250	9733	24259201024.000000
281474976710655.000000	6.491244	9734	24260261888.000000
281474976710655.000000	5.561134	9735	24261314560.000000
281474976710655.000000	6.167634	9736	24262326272.000000
281474976710655.000000	5.819756	9737	24263376896.000000
281474976710655.000000	6.571782	9738	24264429568.000000
281474976710655.000000	5.963449	9739	24265478144.000000
281474976710655.000000	6.056011	9740	24266491904.000000
281474976710655.000000	6.696166	9741	24267532288.000000
281474976710655.000000	6.908292	9742	24268584960.000000
281474976710655.000000	5.745830	9743	24269641728.000000
281474976710655.000000	6.357249	9744	24270675968.000000
281474976710655.000000	6.246297	9745	24271693824.000000
281474976710655.000000	6.655468	9746	24272734208.000000
281474976710655.000000	6.589126	9747	24273801216.000000
281474976710655.000000	6.634097	9748	24274845696.000000
281474976710655.000000	6.180826	9749	24275875840.000000
281474976710655.000000	6.783268	9750	24276899840.000000
281474976710655.000000	6.565714	9751	24277956608.000000
281474976710655.000000	6.839810	9752	24279009280.000000
281474976710655.000000	6.343124	9753	24280043520.000000
281474976710655.000000	7.154822	9754	24281063424.000000
281474976710655.000000	7.189217	9755	24282120192.000000
281474976710655.000000	6.983622	9756	24283174912.000000
281474976710655.000000	6.538985	9757	24284198912.000000
281474976710655.000000	7.476341	9758	24285227008.000000
281474976710655.000000	7.642691	9759	24286298112.000000
281474976710655.000000	7.016083	9760	24287324160.000000
281474976710655.000000	7.373063	9761	24288348160.000000
281474976710655.000000	7.934495	9762	24289421312.000000
281474976710655.000000	6.796886	9763	24290441216.000000
281474976710655.000000	7.657029	9764	24291485696.000000
281474976710655.000000	7.455575	9765	24292540416.000000
281474976710655.000000	7.685284	9766	24293556224.000000
281474976710655.000000	7.204119	9767	24294629376.000000
281474976710655.000000	8.189929	9768	24295636992.000000
281474976710655.000000	8.789274	9769	24296704000.000000
281474976710655.000000	8.317729	9770	24297725952.000000
281474976710655.000000	7.131453	9771	24298784768.000000
281474976710655.000000	7.798110	9772	24299802624.000000
281474976710655.000000	6.576586	9773	24300879872.000000
281474976710655.000000	7.706924	9774	24301887488.000000
281474976710655.000000	9.436826	9775	24302950400.000000
281474976710655.000000	8.725638	9776	24303976448.000000
281474976710655.000000	7.855671	9777	24305014784.000000
281474976710655.000000	7.483124	9778	24306081792.000000
281474976710655.000000	6.591181	9779	24307095552.000000
281474976710655.000000	8.974649	9780	24308162560.000000
281474976710655.000000	8.828150	9781	24309184512.000000
281474976710655.000000	8.360415	9782	24310214656.000000
281474976710655.000000	7.526227	9783	24311281664.000000
281474976710655.000000	8.326116	9784	24312315904.000000
281474976710655.000000	9.598608	9785	24313335808.000000
281474976710655.000000	8.807428	9786	24314398720.000000
281474976710655.000000	6.811085	9787	24315447296.000000
281474976710655.000000	8.131673	9788	24316465152.000000
281474976710655.000000	10.402905	9789	24317507584.000000
281474976710655.000000	8.288857	9790	24318572544.000000
281474976710655.000000	6.418995	9791	24319594496.000000
281474976710655.000000	9.030586	9792	24320628736.000000
281474976710655.000000	9.509209	9793	24321679360.000000
281474976710655.000000	8.137977	9794	24322738176.000000
281474976710655.000000	6.812429	9795	24323745792.000000
281474976710655.000000	9.321915	9796	24324802560.000000
281474976710655.000000	9.248300	9797	24325853184.000000
281474976710655.000000	8.156762	9798	24326885376.000000
281474976710655.000000	8.270680	9799	24327909376.000000
281474976710655.000000	10.328302	9800	24328982528.000000
281474976710655.000000	9.451738	9801	24330004480.000000
281474976710655.000000	9.480838	9802	24331036672.000000
281474976710655.000000	8.492650	9803	24332103680.000000
281474976710655.000000	9.533940	9804	24333133824.000000
281474976710655.000000	10.208518	9805	24334159872.000000
281474976710655.000000	9.017618	9806	24335228928.000000
281474976710655.000000	7.937014	9807	24336246784.000000
281474976710655.000000	10.028429	9808	24337295360.000000
281474976710655.000000	9.444139	9809	24338343936.000000
281474976710655.000000	9.913290	9810	24339367936.000000
281474976710655.000000	9.061553	9811	24340428800.000000
281474976710655.000000	9.934628	9812	24341454848.000000
281474976710655.000000	9.570415	9813	24342503424.000000
281474976710655.000000	9.795021	9814	24343541760.000000
281474976710655.000000	9.843909	9815	24344576000.000000
281474976710655.000000	10.257689	9816	24345630720.000000
281474976710655.000000	9.921371	9817	24346660864.000000
281474976710655.000000	9.796362	9818	24347709440.000000
281474976710655.000000	9.597093	9819	24348741632.000000
281474976710655.000000	10.329398	9820	24349784064.000000
281474976710655.000000	9.736282	9821	24350830592.000000
281474976710655.000000	10.826360	9822	24351864832.000000
281474976710655.000000	10.291811	9823	24352921600.000000
281474976710655.000000	11.134659	9824	24353943552.000000
281474976710655.000000	10.640515	9825	24354998272.000000
281474976710655.000000	10.193909	9826	24356038656.000000
281474976710655.000000	9.952057	9827	24357058560.000000
281474976710655.000000	12.343014	9828	24358129664.000000
281474976710655.000000	10.619615	9829	24359149568.000000
281474976710655.000000	10.846374	9830	24360196096.000000
281474976710655.000000	10.232251	9831	24361242624.000000
281474976710655.000000	10.969149	9832	24362266624.000000
281474976710655.000000	9.560117	9833	24363317248.000000
281474976710655.000000	10.180705	9834	24364376064.000000
281474976710655.000000	11.347122	9835	24365387776.000000
281474976710655.000000	10.977295	9836	24366446592.000000
281474976710655.000000	10.606386	9837	24367495168.000000
281474976710655.000000	10.794322	9838	24368513024.000000
281474976710655.000000	11.521454	9839	24369567744.000000
281474976710655.000000	11.279679	9840	24370618368.000000
281474976710655.000000	11.257934	9841	24371638272.000000
281474976710655.000000	11.845072	9842	24372697088.000000
281474976710655.000000	11.120918	9843	24373737472.000000
281474976710655.000000	11.004342	9844	24374757376.000000
281474976710655.000000	10.920334	9845	24375824384.000000
281474976710655.000000	11.899876	9846	24376854528.000000
281474976710655.000000	11.625237	9847	24377884672.000000
281474976710655.000000	12.937067	9848	24378947584.000000
281474976710655.000000	11.712630	9849	24379971584.000000
281474976710655.000000	11.815715	9850	24381016064.000000
281474976710655.000000	11.058457	9851	24382064640.000000
281474976710655.000000	11.529029	9852	24383088640.000000
281474976710655.000000	11.422012	9853	24384153600.000000
281474976710655.000000	12.661957	9854	24385173504.000000
281474976710655.000000	12.517779	9855	24386228224.000000
281474976710655.000000	11.696135	9856	24387262464.000000
281474976710655.000000	12.985340	9857	24388302848.000000
281474976710655.000000	12.920938	9858	24389353472.000000
