crossing time (s)	slope (V/s)	crossing number
281474976710655.000000	3.867181	5327	0.000000
281474976710655.000000	3.801239	5328	22681974784.000000
281474976710655.000000	3.910236	5329	22683049984.000000
281474976710655.000000	4.091642	5330	22684063744.000000
281474976710655.000000	4.119537	5331	22685130752.000000
281474976710655.000000	3.990064	5332	22686146560.000000
281474976710655.000000	4.083222	5333	22687211520.000000
281474976710655.000000	4.079140	5334	22688235520.000000
281474976710655.000000	4.166549	5335	22689290240.000000
281474976710655.000000	4.253074	5336	22690316288.000000
281474976710655.000000	4.283562	5337	22691379200.000000
281474976710655.000000	4.230132	5338	22692399104.000000
281474976710655.000000	4.341674	5339	22693464064.000000
281474976710655.000000	4.397104	5340	22694481920.000000
281474976710655.000000	4.411095	5341	22695550976.000000
281474976710655.000000	4.577934	5342	22696562688.000000
281474976710655.000000	4.515801	5343	22697635840.000000
281474976710655.000000	4.539737	5344	22698641408.000000
281474976710655.000000	4.547262	5345	22699718656.000000
281474976710655.000000	4.582555	5346	22700730368.000000
281474976710655.000000	4.723984	5347	22701801472.000000
281474976710655.000000	4.755782	5348	22702819328.000000
281474976710655.000000	4.869197	5349	22703876096.000000
281474976710655.000000	4.693447	5350	22704904192.000000
281474976710655.000000	4.989473	5351	22705956864.000000
281474976710655.000000	4.850130	5352	22706991104.000000
281474976710655.000000	4.961624	5353	22708039680.000000
281474976710655.000000	4.973192	5354	22709069824.000000
281474976710655.000000	5.057620	5355	22710132736.000000
281474976710655.000000	5.153157	5356	22711148544.000000
281474976710655.000000	5.176101	5357	22712217600.000000
281474976710655.000000	5.217215	5358	22713229312.000000
281474976710655.000000	5.208245	5359	22714302464.000000
281474976710655.000000	5.294678	5360	22715318272.000000
281474976710655.000000	5.407662	5361	22716377088.000000
281474976710655.000000	5.337985	5362	22717403136.000000
281474976710655.000000	5.454129	5363	22718457856.000000
281474976710655.000000	5.357516	5364	22719488000.000000
281474976710655.000000	5.518763	5365	22720538624.000000
281474976710655.000000	5.446130	5366	22721572864.000000
281474976710655.000000	5.582171	5367	22722623488.000000
281474976710655.000000	5.586434	5368	22723653632.000000
281474976710655.000000	5.720014	5369	22724710400.000000
281474976710655.000000	5.713576	5370	22725736448.000000
281474976710655.000000	5.857162	5371	22726795264.000000
281474976710655.000000	5.901491	5372	22727817216.000000
281474976710655.000000	5.918908	5373	22728882176.000000
281474976710655.000000	5.900739	5374	22729900032.000000
281474976710655.000000	6.078863	5375	22730969088.000000
281474976710655.000000	6.057890	5376	22731980800.000000
281474976710655.000000	6.103504	5377	22733051904.000000
281474976710655.000000	6.223649	5378	22734067712.000000
281474976710655.000000	6.145173	5379	22735132672.000000
281474976710655.000000	6.238281	5380	22736150528.000000
281474976710655.000000	6.372251	5381	22737211392.000000
281474976710655.000000	6.314155	5382	22738237440.000000
281474976710655.000000	6.468780	5383	22739294208.000000
281474976710655.000000	6.385429	5384	22740322304.000000
281474976710655.000000	6.698836	5385	22741377024.000000
281474976710655.000000	6.658319	5386	22742407168.000000
281474976710655.000000	6.619112	5387	22743457792.000000
281474976710655.000000	6.737977	5388	22744489984.000000
281474976710655.000000	6.872532	5389	22745544704.000000
281474976710655.000000	6.953318	5390	22746572800.000000
281474976710655.000000	6.999263	5391	22747629568.000000
281474976710655.000000	6.950315	5392	22748653568.000000
281474976710655.000000	7.027613	5393	22749720576.000000
281474976710655.000000	7.119496	5394	22750734336.000000
281474976710655.000000	7.073169	5395	22751805440.000000
281474976710655.000000	7.126274	5396	22752817152.000000
281474976710655.000000	7.350031	5397	22753886208.000000
281474976710655.000000	7.456439	5398	22754904064.000000
281474976710655.000000	7.318677	5399	22755966976.000000
281474976710655.000000	7.549525	5400	22756990976.000000
281474976710655.000000	7.350980	5401	22758045696.000000
281474976710655.000000	7.459206	5402	22759075840.000000
281474976710655.000000	7.555421	5403	22760126464.000000
281474976710655.000000	7.807853	5404	22761160704.000000
281474976710655.000000	7.810835	5405	22762209280.000000
281474976710655.000000	8.017334	5406	22763243520.000000
281474976710655.000000	7.868576	5407	22764296192.000000
281474976710655.000000	8.047804	5408	22765324288.000000
281474976710655.000000	8.070975	5409	22766379008.000000
281474976710655.000000	8.150761	5410	22767407104.000000
281474976710655.000000	8.090055	5411	22768465920.000000
281474976710655.000000	8.357070	5412	22769489920.000000
281474976710655.000000	8.403229	5413	22770550784.000000
281474976710655.000000	8.408789	5414	22771572736.000000
281474976710655.000000	8.445186	5415	22772633600.000000
281474976710655.000000	8.668191	5416	22773655552.000000
281474976710655.000000	8.717713	5417	22774718464.000000
281474976710655.000000	8.861391	5418	22775740416.000000
281474976710655.000000	8.531825	5419	22776801280.000000
281474976710655.000000	8.952192	5420	22777823232.000000
281474976710655.000000	8.742673	5421	22778884096.000000
281474976710655.000000	9.485184	5422	22779910144.000000
281474976710655.000000	8.821425	5423	22780966912.000000
281474976710655.000000	9.501008	5424	22781995008.000000
281474976710655.000000	9.022208	5425	22783049728.000000
281474976710655.000000	9.694952	5426	22784079872.000000
281474976710655.000000	9.227363	5427	22785130496.000000
281474976710655.000000	9.638991	5428	22786164736.000000
281474976710655.000000	9.495031	5429	22787213312.000000
281474976710655.000000	9.833597	5430	22788247552.000000
281474976710655.000000	9.601067	5431	22789298176.000000
281474976710655.000000	9.665521	5432	22790324224.000000
281474976710655.000000	9.839613	5433	22791391232.000000
281474976710655.000000	9.917441	5434	22792409088.000000
281474976710655.000000	9.833210	5435	22793472000.000000
281474976710655.000000	9.907171	5436	22794487808.000000
281474976710655.000000	10.003284	5437	22795558912.000000
281474976710655.000000	9.815640	5438	22796570624.000000
281474976710655.000000	10.100921	5439	22797641728.000000
281474976710655.000000	10.100945	5440	22798657536.000000
281474976710655.000000	10.365532	5441	22799722496.000000
281474976710655.000000	10.324429	5442	22800744448.000000
281474976710655.000000	10.542047	5443	22801803264.000000
281474976710655.000000	10.843968	5444	22802829312.000000
281474976710655.000000	10.923826	5445	22803884032.000000
281474976710655.000000	11.021343	5446	22804914176.000000
281474976710655.000000	11.309037	5447	22805966848.000000
281474976710655.000000	11.245987	5448	22806999040.000000
281474976710655.000000	11.181161	5449	22808049664.000000
281474976710655.000000	11.714735	5450	22809081856.000000
281474976710655.000000	11.612750	5451	22810132480.000000
281474976710655.000000	11.913723	5452	22811164672.000000
281474976710655.000000	11.751287	5453	22812217344.000000
281474976710655.000000	11.883859	5454	22813249536.000000
281474976710655.000000	11.738499	5455	22814302208.000000
281474976710655.000000	12.573581	5456	22815332352.000000
281474976710655.000000	11.892489	5457	22816385024.000000
281474976710655.000000	12.552007	5458	22817415168.000000
281474976710655.000000	12.254354	5459	22818469888.000000
281474976710655.000000	13.100088	5460	22819500032.000000
281474976710655.000000	12.427365	5461	22820552704.000000
281474976710655.000000	12.856694	5462	22821582848.000000
281474976710655.000000	12.425978	5463	22822635520.000000
281474976710655.000000	13.296997	5464	22823667712.000000
281474976710655.000000	12.548229	5465	22824720384.000000
281474976710655.000000	13.264093	5466	22825750528.000000
