crossing time (s)	slope (V/s)	crossing number
281474976710655.000000	7.396585	9520	0.000000
281474976710655.000000	5.487379	9521	0.000000
281474976710655.000000	7.340906	9522	0.000000
281474976710655.000000	8.889092	9523	0.000000
281474976710655.000000	7.715431	9524	24041832448.000000
281474976710655.000000	8.582431	9525	24042893312.000000
281474976710655.000000	7.590919	9526	24043917312.000000
281474976710655.000000	5.367548	9527	24044976128.000000
281474976710655.000000	7.672828	9528	24045998080.000000
281474976710655.000000	5.926307	9529	24047071232.000000
281474976710655.000000	8.017529	9530	24048084992.000000
281474976710655.000000	8.118678	9531	24049147904.000000
281474976710655.000000	7.598328	9532	24050165760.000000
281474976710655.000000	8.936874	9533	24051216384.000000
281474976710655.000000	8.217817	9534	24052254720.000000
281474976710655.000000	7.379016	9535	24053286912.000000
281474976710655.000000	8.250293	9536	24054339584.000000
281474976710655.000000	6.224978	9537	24055375872.000000
281474976710655.000000	7.674457	9538	24056426496.000000
281474976710655.000000	7.322100	9539	24057454592.000000
281474976710655.000000	7.989216	9540	24058511360.000000
281474976710655.000000	7.977265	9541	24059537408.000000
281474976710655.000000	9.495917	9542	24060596224.000000
281474976710655.000000	8.703352	9543	24061609984.000000
281474976710655.000000	8.350982	9544	24062679040.000000
281474976710655.000000	8.250771	9545	24063694848.000000
281474976710655.000000	8.478385	9546	24064757760.000000
281474976710655.000000	7.832701	9547	24065775616.000000
281474976710655.000000	8.245367	9548	24066840576.000000
281474976710655.000000	7.818482	9549	24067860480.000000
281474976710655.000000	9.278793	9550	24068921344.000000
281474976710655.000000	8.429901	9551	24069945344.000000
281474976710655.000000	8.752246	9552	24071004160.000000
281474976710655.000000	8.705939	9553	24072026112.000000
281474976710655.000000	9.019459	9554	24073091072.000000
281474976710655.000000	7.680377	9555	24074100736.000000
281474976710655.000000	9.073703	9556	24075173888.000000
281474976710655.000000	8.243423	9557	24076187648.000000
281474976710655.000000	9.456944	9558	24077252608.000000
281474976710655.000000	8.755075	9559	24078268416.000000
281474976710655.000000	9.016895	9560	24079339520.000000
281474976710655.000000	8.154192	9561	24080353280.000000
281474976710655.000000	8.968882	9562	24081418240.000000
281474976710655.000000	8.476116	9563	24082438144.000000
281474976710655.000000	9.442184	9564	24083490816.000000
281474976710655.000000	9.459597	9565	24084520960.000000
281474976710655.000000	10.190564	9566	24085571584.000000
281474976710655.000000	8.121345	9567	24086607872.000000
281474976710655.000000	9.597610	9568	24087650304.000000
281474976710655.000000	8.016168	9569	24088694784.000000
281474976710655.000000	10.059363	9570	24089729024.000000
281474976710655.000000	9.745920	9571	24090779648.000000
281474976710655.000000	10.083220	9572	24091811840.000000
281474976710655.000000	9.151781	9573	24092862464.000000
281474976710655.000000	9.929288	9574	24093892608.000000
281474976710655.000000	8.382605	9575	24094945280.000000
281474976710655.000000	9.656458	9576	24095971328.000000
281474976710655.000000	9.620589	9577	24097028096.000000
281474976710655.000000	9.797349	9578	24098054144.000000
281474976710655.000000	10.105339	9579	24099108864.000000
281474976710655.000000	9.703166	9580	24100136960.000000
281474976710655.000000	9.641681	9581	24101189632.000000
281474976710655.000000	9.862174	9582	24102219776.000000
281474976710655.000000	9.142394	9583	24103272448.000000
281474976710655.000000	10.016906	9584	24104302592.000000
281474976710655.000000	9.812536	9585	24105345024.000000
281474976710655.000000	10.576338	9586	24106393600.000000
281474976710655.000000	10.242835	9587	24107427840.000000
281474976710655.000000	10.857978	9588	24108478464.000000
281474976710655.000000	10.862968	9589	24109504512.000000
281474976710655.000000	11.405493	9590	24110561280.000000
281474976710655.000000	10.217442	9591	24111587328.000000
281474976710655.000000	11.646992	9592	24112650240.000000
281474976710655.000000	10.609427	9593	24113666048.000000
281474976710655.000000	11.389365	9594	24114733056.000000
281474976710655.000000	10.646427	9595	24115744768.000000
281474976710655.000000	11.600866	9596	24116811776.000000
281474976710655.000000	10.859598	9597	24117825536.000000
281474976710655.000000	11.323136	9598	24118898688.000000
281474976710655.000000	10.793761	9599	24119908352.000000
281474976710655.000000	11.279140	9600	24120979456.000000
281474976710655.000000	10.773972	9601	24121989120.000000
281474976710655.000000	11.890897	9602	24123062272.000000
281474976710655.000000	11.021185	9603	24124073984.000000
281474976710655.000000	11.956339	9604	24125143040.000000
281474976710655.000000	11.492582	9605	24126152704.000000
281474976710655.000000	11.877424	9606	24127223808.000000
281474976710655.000000	11.656737	9607	24128235520.000000
281474976710655.000000	12.189065	9608	24129308672.000000
281474976710655.000000	11.451056	9609	24130320384.000000
281474976710655.000000	12.121077	9610	24131385344.000000
281474976710655.000000	11.601159	9611	24132403200.000000
281474976710655.000000	12.894799	9612	24133468160.000000
281474976710655.000000	11.698713	9613	24134486016.000000
281474976710655.000000	12.609372	9614	24135548928.000000
281474976710655.000000	11.032345	9615	24136570880.000000
281474976710655.000000	12.416870	9616	24137627648.000000
281474976710655.000000	11.462897	9617	24138655744.000000
281474976710655.000000	12.650710	9618	24139706368.000000
281474976710655.000000	11.327127	9619	24140740608.000000
281474976710655.000000	13.055141	9620	24141787136.000000
281474976710655.000000	10.876566	9621	24142827520.000000
281474976710655.000000	13.336108	9622	24143863808.000000
281474976710655.000000	11.659431	9623	24144914432.000000
281474976710655.000000	13.256214	9624	24145948672.000000
281474976710655.000000	12.137328	9625	24146995200.000000
281474976710655.000000	13.286362	9626	24148031488.000000
281474976710655.000000	11.657063	9627	24149075968.000000
281474976710655.000000	13.041534	9628	24150110208.000000
281474976710655.000000	12.228098	9629	24151158784.000000
281474976710655.000000	13.431245	9630	24152193024.000000
281474976710655.000000	12.381864	9631	24153239552.000000
281474976710655.000000	13.069694	9632	24154275840.000000
281474976710655.000000	13.287869	9633	24155322368.000000
281474976710655.000000	12.430617	9634	24156360704.000000
281474976710655.000000	12.574654	9635	24157401088.000000
281474976710655.000000	13.108941	9636	24158445568.000000
281474976710655.000000	12.638543	9637	24159479808.000000
281474976710655.000000	12.785200	9638	24160528384.000000
281474976710655.000000	12.531248	9639	24161556480.000000
281474976710655.000000	13.587576	9640	24162613248.000000
281474976710655.000000	12.972033	9641	24163637248.000000
281474976710655.000000	14.704492	9642	24164696064.000000
281474976710655.000000	12.593853	9643	24165720064.000000
281474976710655.000000	13.436924	9644	24166782976.000000
281474976710655.000000	14.275079	9645	24167794688.000000
281474976710655.000000	14.119024	9646	24168865792.000000
281474976710655.000000	13.946177	9647	24169879552.000000
281474976710655.000000	14.155101	9648	24170948608.000000
281474976710655.000000	14.019415	9649	24171962368.000000
281474976710655.000000	13.822742	9650	24173029376.000000
281474976710655.000000	14.288790	9651	24174045184.000000
281474976710655.000000	14.374716	9652	24175112192.000000
281474976710655.000000	13.996874	9653	24176125952.000000
