time (s)	energy (uJ)	charge (mC)	voltage (mV)	crossing#mod 255
19852.047713	118.545303	0.035935	3.298860	125
19853.055957	125.123009	0.035941	3.481365	126
19854.135296	116.512535	0.035934	3.242374	127
19855.188558	120.377701	0.035936	3.349811	128
19856.222932	115.889824	0.035940	3.224493	129
19857.257457	125.419807	0.035936	3.490088	130
19858.296922	122.335426	0.035935	3.404321	131
19859.324652	133.313232	0.035935	3.709872	132
19860.397506	114.333031	0.035933	3.181800	133
19861.417585	129.172256	0.035938	3.594266	134
19862.488180	120.371826	0.035938	3.349384	135
19863.507012	133.444443	0.035937	3.713340	136
19864.578416	112.196243	0.035936	3.122143	137
19865.605948	126.218361	0.035935	3.512431	138
19866.667993	118.780930	0.035939	3.305040	139
19867.693589	130.314133	0.035937	3.626194	140
19868.727616	129.985123	0.035937	3.617005	141
19869.762431	134.498230	0.035937	3.742589	142
19870.836138	120.972778	0.035935	3.366438	143
19871.851948	133.833420	0.035935	3.724347	144
19872.903185	126.726799	0.035937	3.526365	145
19873.941447	130.926407	0.035941	3.642792	146
19874.894891	100.190269	0.035941	2.787656	147
19876.008683	139.012878	0.035933	3.868652	148
19877.082937	126.771805	0.035935	3.527825	149
19878.118884	171.745956	0.035935	4.779406	150
19879.168896	124.087257	0.035935	3.453084	151
19880.300608	65.702400	0.035936	1.828338	152
19881.257092	121.777077	0.035939	3.388402	153
19882.263960	142.495575	0.035935	3.965317	154
19883.331261	128.904556	0.035938	3.586868	155
19884.368598	133.483505	0.035940	3.714040	156
19885.444912	117.104973	0.035936	3.258671	157
19886.461109	131.738007	0.035936	3.665955	158
19887.513529	125.926659	0.035937	3.504102	159
19888.538959	134.698929	0.035936	3.748253	160
19889.585725	129.810242	0.035935	3.612367	161
19890.568721	156.071350	0.035940	4.342527	162
19891.661601	135.169647	0.035936	3.761386	163
19892.698092	140.938828	0.035940	3.921525	164
19893.783595	113.877449	0.035939	3.168652	165
19894.787490	138.180511	0.035941	3.844661	166
19895.827391	138.815796	0.035935	3.862943	167
19896.867191	141.763489	0.035936	3.944848	168
19897.920993	134.865204	0.035936	3.752969	169
19898.976969	122.527657	0.035937	3.409552	170
19900.002080	134.354416	0.035937	3.738585	171
19901.041788	137.000671	0.035935	3.812486	172
19902.068153	148.952393	0.035937	4.144780	173
19903.121786	143.654007	0.035935	3.997560	174
19904.186928	125.553864	0.035939	3.493538	175
19905.207703	142.026749	0.035934	3.952422	176
19906.260018	132.350677	0.035938	3.682704	177
19907.304064	128.658981	0.035934	3.580425	178
19908.362982	120.700706	0.035933	3.359016	179
19909.397036	124.939308	0.035933	3.477005	180
19910.427666	136.039856	0.035935	3.785771	181
19911.484010	119.771080	0.035936	3.332868	182
19912.503446	141.930069	0.035938	3.949290	183
19913.544251	141.391083	0.035933	3.934807	184
19914.594517	137.742218	0.035932	3.833401	185
19915.647739	130.369308	0.035935	3.627893	186
19916.679915	136.572769	0.035933	3.800730	187
19917.799074	57.631554	0.035937	1.603666	188
19918.783635	121.469551	0.035939	3.379834	189
19919.799448	139.810837	0.035937	3.890409	190
19920.874468	116.280228	0.035936	3.235733	191
19921.882333	142.066559	0.035937	3.953181	192
19922.928779	141.921936	0.035934	3.949553	193
19923.918791	178.204361	0.035936	4.958879	194
19925.020718	136.417679	0.035935	3.796261	195
19926.045226	146.872772	0.035937	4.086942	196
19927.134191	108.927071	0.035937	3.031086	197
19928.124335	151.288361	0.035939	4.209603	198
19929.192162	131.524811	0.035937	3.659876	199
19930.217156	141.840439	0.035934	3.947259	200
19931.256111	153.160965	0.035937	4.261905	201
19932.284058	161.912033	0.035937	4.505485	202
19933.355247	136.874542	0.035934	3.809043	203
19934.387741	140.604095	0.035940	3.912236	204
19935.439835	135.984879	0.035937	3.783977	205
19936.474876	137.949448	0.035935	3.838815	206
19937.533709	125.432999	0.035935	3.490531	207
19938.556782	138.856964	0.035933	3.864344	208
19939.604925	137.266083	0.035936	3.819755	209
19940.662675	115.753250	0.035939	3.220810	210
19941.687866	139.934540	0.035935	3.894131	211
19942.748062	112.269699	0.035936	3.124139	212
19943.786672	123.648148	0.035938	3.440556	213
19944.808151	142.936005	0.035935	3.977666	214
19945.858251	136.524567	0.035934	3.799351	215
19946.896605	136.482513	0.035941	3.797436	216
19947.941915	138.776901	0.035938	3.861616	217
19948.996590	116.519478	0.035935	3.242487	218
19950.027895	134.890717	0.035939	3.753372	219
19951.076752	121.427628	0.035941	3.378498	220
19952.106376	141.042801	0.035936	3.924806	221
19953.144528	142.424164	0.035937	3.963139	222
19954.191389	140.046112	0.035935	3.897182	223
19955.224369	148.268250	0.035934	4.126105	224
19956.277201	137.175232	0.035935	3.817306	225
19957.337108	108.963768	0.035937	3.032040	226
19958.365555	131.639954	0.035937	3.663092	227
19959.448336	64.338326	0.035936	1.790344	228
19960.444848	138.752853	0.035941	3.860536	229
19961.477132	144.676773	0.035936	4.025925	230
19962.533474	131.891266	0.035933	3.670454	231
19963.567233	135.312103	0.035934	3.765537	232
19964.639437	108.321983	0.035939	3.014060	233
19965.652600	129.912552	0.035934	3.615325	234
19966.706290	128.959076	0.035939	3.588280	235
19967.820025	36.803879	0.035938	1.024081	236
19968.792638	126.885452	0.035935	3.530963	237
19969.817912	134.080185	0.035937	3.730996	238
19970.883356	117.253822	0.035940	3.262479	239
19971.894646	144.996460	0.035935	4.034979	240
19972.956284	130.369492	0.035937	3.627737	241
19974.006802	103.523758	0.035938	2.880629	242
19975.040372	128.841797	0.035936	3.585343	243
19976.067797	136.632553	0.035937	3.802006	244
19977.134715	113.439491	0.035935	3.156801	245
19978.148915	141.310349	0.035935	3.932438	246
19979.221017	110.942078	0.035935	3.087322	247
19980.239825	131.176544	0.035938	3.650125	248
19981.283318	139.956406	0.035940	3.894146	249
19982.319068	137.625702	0.035937	3.829660	250
19983.371609	130.593658	0.035932	3.634480	251
19984.420076	112.428474	0.035934	3.128770	252
19985.458581	128.417999	0.035933	3.573778	253
19986.521583	86.913933	0.035933	2.418750	254
19988.026974	-147.660339	0.035936	-4.108975	255
