num crossings	time (s)	maj axis (mm)	min axis (mm)	theta (rad )	slope (V/s)
7671	22081.441722	94.903231	3.351714	1.607534	70.204653
7673	22083.523537	94.696254	3.319602	1.607480	72.665851
7675	22085.606929	94.463058	3.381682	1.608945	69.386001
7677	22087.691409	94.419785	3.325917	1.603795	71.194377
7679	22089.776911	94.449147	3.469574	1.603618	72.259050
7681	22091.858494	94.178489	3.479588	1.600141	75.056942
7683	22093.940102	94.653733	3.550900	1.602182	69.760359
7685	22096.018097	94.020542	3.671001	1.611555	73.448409
7687	22098.097042	94.073651	3.667813	1.619807	70.783756
7689	22100.179016	93.272506	3.561714	1.618382	71.391059
7691	22102.265227	93.019135	3.504724	1.609477	69.743323
7693	22104.351270	93.311235	3.616327	1.603113	70.481468
7695	22106.431658	93.925112	3.797313	1.603130	69.428312
7697	22108.510270	93.838749	3.748581	1.614281	69.383766
7699	22110.587215	93.429489	3.808993	1.619498	70.128852
7701	22112.668003	93.155575	3.761628	1.622119	69.065047
7703	22114.750669	92.906040	3.771391	1.622854	70.152207
7705	22116.835693	92.721635	3.854482	1.618751	69.150394
7707	22118.919648	92.466157	3.837592	1.617028	67.051442
7709	22121.002522	92.395988	3.891495	1.615831	65.823875
7711	22123.085094	92.633743	3.933283	1.618768	66.661028
7713	22125.166941	92.404638	3.972216	1.619445	67.875957
7715	22127.248344	92.741814	3.965997	1.621430	66.635048
7717	22129.328458	92.600725	3.993136	1.622528	66.445757
7719	22131.408066	92.443291	4.000179	1.621668	69.048858
7721	22133.487445	92.403369	4.064049	1.621854	66.200338
7723	22135.567634	92.115199	4.111059	1.617001	68.920262
7725	22137.649350	91.591785	4.173367	1.619263	69.381769
7727	22139.734075	91.179469	4.217065	1.622666	65.636539
7729	22141.819925	91.151597	4.268493	1.627057	69.943072
7731	22143.903582	91.218669	4.298322	1.630771	68.570713
7733	22145.985112	91.662081	4.274982	1.634586	66.715845
7735	22148.062872	91.443679	4.217155	1.627862	63.575726
7737	22150.141160	91.759975	4.290260	1.622706	65.669522
7739	22152.221193	91.064371	4.395226	1.623738	64.693069
7741	22154.304369	90.492815	4.446707	1.625504	67.335304
7743	22156.388048	90.410708	4.450177	1.629223	65.927462
7745	22158.472131	90.635384	4.509902	1.629053	66.187380
7747	22160.555126	90.287473	4.445751	1.633423	65.069668
7749	22162.638585	90.168584	4.540822	1.633847	66.481084
7751	22164.720828	90.178736	4.561074	1.634864	65.404755
7753	22166.802557	90.271230	4.649864	1.634577	65.873831
7755	22168.884821	90.050867	4.623394	1.635186	65.134873
7757	22170.966449	89.891842	4.673086	1.634482	62.317221
7759	22173.048247	90.137164	4.706388	1.633913	63.619559
7761	22175.129173	89.558009	4.737774	1.635713	61.924337
7763	22177.210191	89.660613	4.791099	1.636390	63.605090
7765	22179.290384	89.741232	4.901583	1.637174	64.675251
7767	22181.371620	89.395477	4.894840	1.643113	65.111755
7769	22183.449843	89.373306	4.930007	1.644640	62.675810
7771	22185.530854	89.480843	5.019440	1.648455	64.300081
7773	22187.611790	89.238525	4.991481	1.649019	63.733781
7775	22189.694966	88.616602	4.962184	1.650105	61.801515
7777	22191.780363	88.985847	4.991654	1.646234	61.177352
7779	22193.865241	88.704494	5.003681	1.640873	62.924403
7781	22195.948057	88.775103	5.041753	1.639934	61.865836
7783	22198.026039	88.385083	5.086918	1.644617	61.732115
7785	22200.106059	88.869757	5.186875	1.647973	62.316762
7787	22202.185913	88.549308	5.230833	1.654652	61.588812
7789	22204.265152	88.299558	5.207648	1.655125	62.212803
7791	22206.345347	88.204883	5.255972	1.656470	60.275284
7793	22208.426193	88.305221	5.298703	1.658659	61.919361
7795	22210.507592	87.999788	5.304540	1.659514	59.700871
7797	22212.589795	87.708866	5.326073	1.658698	59.434015
7799	22214.672135	87.719983	5.327164	1.660405	59.068021
7801	22216.754352	87.722495	5.348156	1.660040	61.449749
7803	22218.836122	87.668152	5.387044	1.660470	60.708559
7805	22220.917152	87.375073	5.398207	1.661344	59.156218
7807	22222.998249	87.144487	5.412490	1.662972	58.497777
7809	22225.080167	87.062034	5.444847	1.662751	58.943849
7811	22227.161480	87.153956	5.500674	1.662880	60.310403
7813	22229.243057	86.914200	5.501786	1.662755	59.069838
7815	22231.325335	86.666212	5.578720	1.664451	59.677399
7817	22233.407959	86.506657	5.522602	1.666247	58.326536
7819	22235.491072	86.354157	5.578986	1.667163	59.386849
7821	22237.575568	86.349874	5.613538	1.669309	58.773564
7823	22239.658989	86.231284	5.664530	1.671535	59.343005
7825	22241.742985	86.410508	5.636799	1.674810	60.087898
7827	22243.825282	86.216752	5.628488	1.675894	59.145628
7829	22245.906162	86.217558	5.588862	1.679508	59.381765
7831	22247.984717	86.608872	5.651811	1.675276	57.273911
7833	22250.063671	86.162242	5.659236	1.671599	56.159223
7835	22252.142663	85.990193	5.677404	1.672268	56.966655
7837	22254.224044	85.467937	5.717291	1.674042	55.971820
7839	22256.305239	85.507196	5.756458	1.675265	56.257232
7841	22258.388565	84.768470	5.775632	1.680735	55.963649
7843	22260.470610	85.206901	5.806583	1.679369	57.285296
7845	22262.552493	84.816064	5.804559	1.683158	59.523613
7847	22264.634451	84.761587	5.817962	1.685648	56.176685
7849	22266.715866	85.169847	5.821771	1.686983	58.243241
7851	22268.797745	84.931072	5.857527	1.687141	56.181307
7853	22270.878106	84.676614	5.905603	1.690563	56.625212
7855	22272.959782	84.514228	5.943602	1.692742	55.696827
7857	22275.042512	84.166731	5.858592	1.693234	56.904284
7859	22277.126632	84.134705	5.848125	1.690728	55.222436
7861	22279.211564	84.362988	5.901733	1.687124	53.718327
7863	22281.295489	84.458114	5.931755	1.685822	55.320971
7865	22283.377849	84.497775	5.998149	1.687891	55.311025
7867	22285.459459	84.326304	6.000083	1.689783	55.371230
7869	22287.539550	83.959189	6.017563	1.693627	55.475050
7871	22289.619508	83.944795	6.031521	1.694958	55.964271
7873	22291.699677	83.927454	6.025145	1.698088	56.928043
7875	22293.780922	83.565669	6.058328	1.699037	57.306770
7877	22295.861486	83.150764	6.076496	1.702892	55.757138
7879	22297.942804	82.924856	6.059960	1.702999	53.344224
7881	22300.024344	83.343411	6.159839	1.702393	55.085843
7883	22302.105581	83.281959	6.127672	1.703090	55.052411
7885	22304.188303	83.147747	6.145709	1.703241	53.402440
7887	22306.269901	82.768132	6.194359	1.707079	53.513188
7889	22308.352163	82.734544	6.192839	1.707523	53.464656
7891	22310.434847	82.674244	6.223756	1.709105	54.768261
7893	22312.517725	82.444957	6.214379	1.711180	54.065809
7895	22314.600994	82.247052	6.194397	1.712407	53.542237
7897	22316.683248	82.599375	6.244891	1.713518	53.406763
7899	22318.766699	82.330634	6.228196	1.715997	52.299262
7901	22320.849804	82.380870	6.218032	1.717070	52.888219
7903	22322.929903	82.499698	6.255291	1.717540	53.943702
7905	22325.008734	82.245733	6.255865	1.716341	52.601554
7907	22327.088624	82.082738	6.263766	1.715263	50.994963
7909	22329.166995	81.822468	6.339642	1.715050	51.513037
7911	22331.247858	81.860417	6.397415	1.717343	51.970799
7913	22333.329201	81.666059	6.375192	1.718118	51.749458
7915	22335.411364	81.420122	6.368042	1.721005	51.061946
7917	22337.492864	81.458366	6.405127	1.723236	53.441743
7919	22339.574387	81.138552	6.372042	1.725902	52.094411
7921	22341.655431	81.296157	6.323992	1.727987	51.771784
7923	22343.736701	80.461185	6.410348	1.731812	52.985459
7925	22345.816129	80.919998	6.372582	1.734104	54.325802
7927	22347.898704	81.043923	6.350320	1.733050	52.304147
7929	22349.982416	80.498942	6.360092	1.734493	51.801735
7931	22352.066674	80.653027	6.297551	1.729392	50.666153
7933	22354.150550	80.540073	6.363290	1.729625	49.263841
7935	22356.234567	80.552910	6.403830	1.729937	51.556821
7937	22358.316731	80.587775	6.444289	1.731072	51.443888
7939	22360.395337	80.554528	6.513453	1.735494	50.249130
7941	22362.476349	80.062375	6.414983	1.738336	51.229229
7943	22364.557136	80.206404	6.455468	1.739567	49.791992
7945	22366.638460	80.147618	6.435179	1.738982	49.377482
7947	22368.720490	79.994381	6.509259	1.741350	50.039736
7949	22370.801292	79.831636	6.498187	1.742590	50.249033
7951	22372.882999	79.548023	6.520474	1.744876	49.599486
7953	22374.965417	79.176568	6.507105	1.748215	50.870306
7955	22377.050038	79.385196	6.559062	1.747704	46.295514
7957	22379.130184	79.620815	6.598626	1.751275	44.165709
7959	22381.214018	79.132566	6.566392	1.752979	48.645838
7961	22383.296661	79.335275	6.564578	1.754383	48.242265
7963	22385.377132	79.354437	6.591215	1.754998	47.116923
7965	22387.457095	79.795606	6.581806	1.753906	48.031881
7967	22389.535877	79.454800	6.538293	1.753386	47.608014
7969	22391.615284	79.144277	6.543405	1.752640	47.000033
7971	22393.694289	79.049636	6.593681	1.754437	45.899755
7973	22395.775331	78.844194	6.574326	1.754772	47.418284
7975	22397.856432	78.651877	6.578859	1.756664	46.058117
