crossing time (s)	slope (V/s)	crossing number
281474976710655.000000	9.587784	10834	0.000000
281474976710655.000000	9.651767	10835	25404440576.000000
281474976710655.000000	8.750157	10836	25405493248.000000
281474976710655.000000	9.712423	10837	25406527488.000000
281474976710655.000000	10.994467	10838	25407565824.000000
281474976710655.000000	9.021849	10839	25408616448.000000
281474976710655.000000	9.404579	10840	25409642496.000000
281474976710655.000000	10.103697	10841	25410707456.000000
281474976710655.000000	9.629092	10842	25411717120.000000
281474976710655.000000	10.142282	10843	25412792320.000000
281474976710655.000000	10.491147	10844	25413801984.000000
281474976710655.000000	9.987571	10845	25414877184.000000
281474976710655.000000	10.132751	10846	25415884800.000000
281474976710655.000000	10.429371	10847	25416960000.000000
281474976710655.000000	10.654631	10848	25417971712.000000
281474976710655.000000	10.403854	10849	25419032576.000000
281474976710655.000000	9.940916	10850	25420054528.000000
281474976710655.000000	10.215974	10851	25421101056.000000
281474976710655.000000	10.423489	10852	25422149632.000000
281474976710655.000000	10.626994	10853	25423183872.000000
281474976710655.000000	10.271330	10854	25424230400.000000
281474976710655.000000	9.603321	10855	25425274880.000000
281474976710655.000000	10.122835	10856	25426300928.000000
281474976710655.000000	10.744290	10857	25427374080.000000
281474976710655.000000	10.508163	10858	25428367360.000000
281474976710655.000000	9.801748	10859	25429456896.000000
281474976710655.000000	9.570235	10860	25430456320.000000
281474976710655.000000	11.013335	10861	25431523328.000000
281474976710655.000000	11.199391	10862	25432555520.000000
281474976710655.000000	10.908556	10863	25433597952.000000
281474976710655.000000	11.249528	10864	25434636288.000000
281474976710655.000000	10.847655	10865	25435695104.000000
281474976710655.000000	10.366957	10866	25436698624.000000
281474976710655.000000	10.936825	10867	25437790208.000000
281474976710655.000000	11.234162	10868	25438785536.000000
281474976710655.000000	11.045762	10869	25439858688.000000
281474976710655.000000	11.042880	10870	25440880640.000000
281474976710655.000000	11.030000	10871	25441929216.000000
281474976710655.000000	11.761988	10872	25442973696.000000
281474976710655.000000	10.273403	10873	25444018176.000000
281474976710655.000000	12.044553	10874	25445038080.000000
281474976710655.000000	11.152403	10875	25446115328.000000
281474976710655.000000	10.694503	10876	25447106560.000000
281474976710655.000000	11.131603	10877	25448202240.000000
281474976710655.000000	11.713764	10878	25449191424.000000
281474976710655.000000	11.154810	10879	25450280960.000000
281474976710655.000000	10.903802	10880	25451278336.000000
281474976710655.000000	10.275874	10881	25452355584.000000
281474976710655.000000	10.951829	10882	25453371392.000000
281474976710655.000000	10.653759	10883	25454430208.000000
281474976710655.000000	10.306287	10884	25455456256.000000
281474976710655.000000	11.376575	10885	25456510976.000000
281474976710655.000000	11.894615	10886	25457539072.000000
281474976710655.000000	11.708230	10887	25458591744.000000
281474976710655.000000	11.909350	10888	25459619840.000000
281474976710655.000000	11.149913	10889	25460674560.000000
281474976710655.000000	11.322131	10890	25461702656.000000
281474976710655.000000	10.640987	10891	25462759424.000000
281474976710655.000000	10.883482	10892	25463781376.000000
281474976710655.000000	11.697806	10893	25464848384.000000
281474976710655.000000	12.056830	10894	25465858048.000000
281474976710655.000000	11.328680	10895	25466935296.000000
281474976710655.000000	11.731479	10896	25467930624.000000
281474976710655.000000	11.808390	10897	25469020160.000000
281474976710655.000000	11.885983	10898	25470017536.000000
281474976710655.000000	12.393410	10899	25471096832.000000
281474976710655.000000	11.308801	10900	25472114688.000000
281474976710655.000000	13.252601	10901	25473163264.000000
281474976710655.000000	11.076802	10902	25474207744.000000
281474976710655.000000	12.697613	10903	25475244032.000000
281474976710655.000000	12.281291	10904	25476282368.000000
281474976710655.000000	13.085507	10905	25477337088.000000
281474976710655.000000	11.766043	10906	25478346752.000000
281474976710655.000000	12.635324	10907	25479432192.000000
281474976710655.000000	12.593560	10908	25480427520.000000
281474976710655.000000	12.030094	10909	25481508864.000000
281474976710655.000000	11.068193	10910	25482514432.000000
281474976710655.000000	12.686251	10911	25483581440.000000
281474976710655.000000	12.166700	10912	25484613632.000000
281474976710655.000000	13.215016	10913	25485654016.000000
281474976710655.000000	13.494370	10914	25486694400.000000
281474976710655.000000	11.957318	10915	25487738880.000000
281474976710655.000000	12.070011	10916	25488769024.000000
281474976710655.000000	12.413721	10917	25489833984.000000
281474976710655.000000	12.716866	10918	25490845696.000000
281474976710655.000000	13.676286	10919	25491920896.000000
281474976710655.000000	13.271504	10920	25492914176.000000
281474976710655.000000	12.061044	10921	25494007808.000000
281474976710655.000000	11.513856	10922	25494996992.000000
281474976710655.000000	13.345382	10923	25496084480.000000
281474976710655.000000	11.909962	10924	25497090048.000000
281474976710655.000000	14.476311	10925	25498165248.000000
281474976710655.000000	13.146156	10926	25499170816.000000
281474976710655.000000	12.065895	10927	25500243968.000000
281474976710655.000000	11.282640	10928	25501263872.000000
281474976710655.000000	12.125625	10929	25502324736.000000
281474976710655.000000	11.587732	10930	25503340544.000000
281474976710655.000000	13.082195	10931	25504407552.000000
281474976710655.000000	12.901259	10932	25505417216.000000
281474976710655.000000	13.111682	10933	25506492416.000000
281474976710655.000000	12.637207	10934	25507495936.000000
281474976710655.000000	12.434953	10935	25508577280.000000
281474976710655.000000	13.247619	10936	25509576704.000000
281474976710655.000000	11.774133	10937	25510660096.000000
281474976710655.000000	13.304419	10938	25511655424.000000
281474976710655.000000	13.148488	10939	25512744960.000000
281474976710655.000000	13.336428	10940	25513742336.000000
281474976710655.000000	12.357077	10941	25514821632.000000
281474976710655.000000	12.513615	10942	25515833344.000000
281474976710655.000000	13.966694	10943	25516894208.000000
281474976710655.000000	13.304037	10944	25517918208.000000
281474976710655.000000	15.217661	10945	25518968832.000000
281474976710655.000000	12.887287	10946	25520009216.000000
281474976710655.000000	13.379195	10947	25521047552.000000
281474976710655.000000	13.161224	10948	25522085888.000000
281474976710655.000000	13.568986	10949	25523138560.000000
281474976710655.000000	12.777496	10950	25524156416.000000
281474976710655.000000	12.658060	10951	25525231616.000000
281474976710655.000000	12.702048	10952	25526235136.000000
281474976710655.000000	12.894965	10953	25527322624.000000
281474976710655.000000	13.220454	10954	25528315904.000000
281474976710655.000000	12.925457	10955	25529395200.000000
281474976710655.000000	13.453959	10956	25530404864.000000
281474976710655.000000	13.674712	10957	25531463680.000000
281474976710655.000000	12.922388	10958	25532497920.000000
281474976710655.000000	13.473072	10959	25533540352.000000
281474976710655.000000	12.889065	10960	25534582784.000000
281474976710655.000000	14.155557	10961	25535621120.000000
281474976710655.000000	13.236738	10962	25536663552.000000
281474976710655.000000	14.812269	10963	25537705984.000000
281474976710655.000000	14.574589	10964	25538740224.000000
281474976710655.000000	15.257931	10965	25539799040.000000
281474976710655.000000	14.002005	10966	25540814848.000000
281474976710655.000000	13.770726	10967	25541888000.000000
281474976710655.000000	13.718737	10968	25542891520.000000
281474976710655.000000	13.717562	10969	25543970816.000000
281474976710655.000000	14.495039	10970	25544970240.000000
281474976710655.000000	14.337989	10971	25546053632.000000
281474976710655.000000	14.539796	10972	25547051008.000000
281474976710655.000000	14.604079	10973	25548134400.000000
281474976710655.000000	14.673465	10974	25549135872.000000
281474976710655.000000	13.939789	10975	25550215168.000000
281474976710655.000000	13.830259	10976	25551218688.000000
281474976710655.000000	14.527781	10977	25552293888.000000
281474976710655.000000	14.245893	10978	25553305600.000000
281474976710655.000000	15.074929	10979	25554374656.000000
281474976710655.000000	14.371400	10980	25555392512.000000
281474976710655.000000	14.684319	10981	25556451328.000000
281474976710655.000000	14.313707	10982	25557481472.000000
281474976710655.000000	14.517434	10983	25558525952.000000
281474976710655.000000	14.389609	10984	25559572480.000000
281474976710655.000000	14.391807	10985	25560602624.000000
281474976710655.000000	15.399796	10986	25561653248.000000
281474976710655.000000	14.185154	10987	25562687488.000000
281474976710655.000000	16.077330	10988	25563723776.000000
281474976710655.000000	14.672599	10989	25564782592.000000
281474976710655.000000	15.514553	10990	25565794304.000000
281474976710655.000000	14.559583	10991	25566869504.000000
281474976710655.000000	16.805542	10992	25567877120.000000
281474976710655.000000	14.477994	10993	25568954368.000000
281474976710655.000000	14.583603	10994	25569957888.000000
281474976710655.000000	15.023486	10995	25571033088.000000
281474976710655.000000	15.088785	10996	25572042752.000000
281474976710655.000000	16.853928	10997	25573101568.000000
281474976710655.000000	14.326515	10998	25574137856.000000
281474976710655.000000	16.680729	10999	25575178240.000000
281474976710655.000000	15.536534	11000	25576226816.000000
281474976710655.000000	15.103629	11001	25577261056.000000
281474976710655.000000	14.575729	11002	25578305536.000000
281474976710655.000000	14.364255	11003	25579343872.000000
281474976710655.000000	15.030397	11004	25580384256.000000
281474976710655.000000	15.590788	11005	25581430784.000000
281474976710655.000000	15.732196	11006	25582465024.000000
281474976710655.000000	15.511581	11007	25583513600.000000
281474976710655.000000	15.101985	11008	25584541696.000000
281474976710655.000000	13.907053	11009	25585598464.000000
281474976710655.000000	16.391449	11010	25586624512.000000
