num crossings	time (s)	maj axis (mm)	min axis (mm)	theta (rad )	slope (V/s)
1581	18679.550612	99.169063	5.210960	1.578327	44.971442
1583	18681.630713	99.777471	5.042329	1.564894	45.062861
1585	18683.715339	98.822547	5.383839	1.564219	41.614137
1587	18685.800479	98.884191	5.263881	1.576216	46.695487
1589	18687.883846	99.002146	5.222137	1.573962	42.096074
1591	18689.964756	98.922911	5.327686	1.570158	45.231235
1593	18692.047758	98.532032	5.360012	1.571494	43.414075
1595	18694.131312	98.450344	5.435797	1.573384	43.021299
1597	18696.214262	98.187011	5.427302	1.577538	44.813205
1599	18698.298361	97.653089	5.431394	1.581203	42.140437
1601	18700.383544	97.414809	5.454704	1.574481	41.919971
1603	18702.468719	97.782704	5.524874	1.571658	40.851506
1605	18704.550438	97.914195	5.677233	1.579039	42.347847
1607	18706.632644	97.514786	5.629937	1.588484	42.626540
1609	18708.718724	96.927562	5.468222	1.580703	42.588180
1611	18710.802612	98.077338	5.919098	1.578694	41.587538
1613	18712.882953	97.442105	5.759471	1.596575	41.757524
1615	18714.970407	96.792491	5.704002	1.578835	43.614161
1617	18717.052255	97.822851	6.022461	1.590542	43.860764
1619	18719.134923	96.561605	5.720947	1.595290	42.094841
1621	18721.221818	96.929633	5.929026	1.582847	41.623014
1623	18723.302240	97.211314	6.061920	1.597962	42.982504
1625	18725.386271	96.076784	5.871838	1.599308	42.553391
1627	18727.471829	96.453454	5.967101	1.588802	42.922043
1629	18729.554690	96.851342	6.116252	1.594906	42.474910
1631	18731.636481	96.498724	6.089121	1.603059	41.115850
1633	18733.719873	95.943244	6.083355	1.604104	42.782233
1635	18735.804479	96.140698	6.133538	1.603005	41.796738
1637	18737.888974	95.829359	6.156154	1.603614	40.032012
1639	18739.972834	95.426638	6.174068	1.607113	41.571428
1641	18742.056565	95.440195	6.273764	1.606338	40.611112
1643	18744.139257	95.538241	6.283342	1.606291	41.902846
1645	18746.221437	95.155765	6.340886	1.606797	42.163793
1647	18748.304355	95.137399	6.399713	1.605571	41.192870
1649	18750.389146	94.443699	6.437103	1.607617	41.226283
1651	18752.475185	94.693583	6.466240	1.615472	41.554315
1653	18754.558296	95.502804	6.441176	1.616094	40.001067
1655	18756.638964	94.810247	6.432283	1.607509	39.544124
1657	18758.723129	94.275433	6.704802	1.611009	39.378776
1659	18760.809369	94.350024	6.627970	1.623076	41.538958
1661	18762.891265	94.300283	6.489148	1.619873	39.801404
1663	18764.972410	94.072801	6.720388	1.611200	39.439259
1665	18767.058389	93.312438	6.841663	1.625705	39.776919
1667	18769.143599	93.913452	6.705661	1.627990	40.252020
1669	18771.224759	94.084524	6.662249	1.621883	39.301801
1671	18773.305804	93.797063	6.787773	1.617528	38.901895
1673	18775.390131	93.437115	6.839846	1.622239	40.663644
1675	18777.475132	93.587332	6.931556	1.625838	39.757508
1677	18779.559999	93.454498	6.913802	1.629875	38.815739
1679	18781.643739	92.937639	6.861309	1.630384	39.965006
1681	18783.727464	93.214999	6.930684	1.628532	38.469220
1683	18785.810051	92.912412	6.940241	1.629487	37.957873
1685	18787.893528	92.584049	6.925373	1.631751	39.025691
1687	18789.977417	92.243839	6.955351	1.632685	37.940224
1689	18792.060946	92.702078	6.997530	1.631274	37.896528
1691	18794.143504	92.479684	7.099007	1.634727	38.297452
1693	18796.225505	92.071027	7.124028	1.640646	38.552203
1695	18798.307712	92.106706	7.109577	1.644463	38.117296
1697	18800.391621	91.989815	7.041852	1.643842	36.823492
1699	18802.477799	91.753954	7.089216	1.638532	37.635819
1701	18804.561913	91.678569	7.180185	1.640677	37.257783
1703	18806.642084	92.161314	7.296592	1.646389	38.785715
1705	18808.724665	91.804630	7.242458	1.652669	38.629471
1707	18810.810110	91.110383	7.157631	1.650377	37.988872
1709	18812.894737	90.917278	7.236605	1.647003	36.467360
1711	18814.978711	91.316789	7.299766	1.646459	37.511707
1713	18817.060069	91.070797	7.307362	1.654355	37.030238
1715	18819.144148	91.203589	7.366405	1.657887	37.035709
1717	18821.225672	91.087212	7.350557	1.659544	37.676670
1719	18823.309911	90.531409	7.279742	1.660470	36.454432
1721	18825.394365	90.290674	7.319844	1.660472	36.082045
1723	18827.478574	90.428258	7.395477	1.662212	37.324281
1725	18829.563172	90.700414	7.314802	1.663465	36.331027
1727	18831.646013	90.472498	7.331063	1.661979	36.632717
1729	18833.728251	90.414411	7.416918	1.664570	36.287731
1731	18835.810277	90.019241	7.382768	1.666330	36.417222
1733	18837.892877	90.117453	7.405661	1.666365	35.977449
1735	18839.975706	89.652899	7.421656	1.670074	35.360203
1737	18842.059977	89.577799	7.376153	1.667612	35.487465
1739	18844.144220	89.707542	7.561228	1.670067	36.410669
1741	18846.229412	89.108191	7.557127	1.678638	36.098639
1743	18848.313461	89.317213	7.535979	1.679421	35.967417
1745	18850.395907	89.401493	7.507475	1.678245	34.407980
1747	18852.477202	89.301268	7.502999	1.674121	34.528967
1749	18854.559947	89.113936	7.590123	1.674262	34.570993
1751	18856.644703	88.803547	7.592234	1.677868	36.612866
1753	18858.730104	88.310124	7.592861	1.684367	35.244276
1755	18860.815212	88.901342	7.576623	1.686553	34.890110
1757	18862.898329	88.912206	7.592039	1.688589	34.952610
1759	18864.980559	88.487145	7.554926	1.686657	33.570900
1761	18867.062450	88.541351	7.585796	1.685750	34.229638
1763	18869.145162	88.322729	7.582492	1.688228	33.632234
1765	18871.228178	88.084998	7.628812	1.690281	34.400665
1767	18873.311385	87.616252	7.666071	1.693010	33.545017
1769	18875.394969	87.944426	7.653045	1.693575	34.543381
1771	18877.478550	87.590546	7.592409	1.695066	34.311880
1773	18879.561463	87.749541	7.569080	1.696284	35.124293
1775	18881.647484	87.441981	7.596526	1.696264	34.025383
1777	18883.731606	87.407392	7.631320	1.695783	33.549072
1779	18885.815176	87.232452	7.634151	1.697966	32.708382
1781	18887.897926	87.366767	7.715602	1.700788	32.403203
1783	18889.979454	87.404699	7.784769	1.705072	33.059203
1785	18892.061660	86.715804	7.713668	1.710694	33.358270
1787	18894.145375	86.896297	7.683132	1.711699	34.329508
1789	18896.229607	86.560981	7.687944	1.709665	33.920638
1791	18898.315945	86.620908	7.741377	1.709577	34.377638
1793	18900.399203	86.508539	7.706233	1.709048	32.922698
1795	18902.482549	86.629346	7.769792	1.709969	33.861340
1797	18904.564744	86.359199	7.789343	1.711994	33.105538
1799	18906.647977	86.023208	7.756268	1.718722	32.513522
1801	18908.730241	86.029779	7.786177	1.718587	33.775945
1803	18910.813300	86.035340	7.807182	1.719563	33.330996
1805	18912.896800	85.593707	7.845301	1.724272	32.953566
1807	18914.980355	85.799681	7.820016	1.722321	32.958155
1809	18917.063702	85.642054	7.810145	1.723568	33.449066
1811	18919.147318	85.378889	7.828493	1.724954	33.409657
1813	18921.231248	84.992783	7.803808	1.728515	31.924615
1815	18923.315771	85.333992	7.860810	1.728690	31.933899
1817	18925.399622	85.092137	7.813714	1.730442	32.932067
1819	18927.482118	85.123184	7.848992	1.733460	33.316300
1821	18929.564964	85.399231	7.820701	1.733690	31.473815
1823	18931.647508	85.095864	7.811734	1.734069	31.101123
1825	18933.729376	85.027206	7.804960	1.732518	30.391329
1827	18935.811879	84.606516	7.834163	1.734251	31.319551
1829	18937.895426	84.616211	7.911299	1.734391	31.866700
1831	18939.979745	83.956570	7.896385	1.741568	32.391985
1833	18942.064094	84.533918	7.920743	1.740843	31.268797
1835	18944.148153	84.214862	7.958629	1.745475	30.585994
1837	18946.232279	83.980155	7.922736	1.745655	32.180748
1839	18948.315658	84.218283	7.976044	1.746387	31.278078
1841	18950.399188	84.319198	7.958150	1.747277	31.822848
1843	18952.482472	84.145352	7.976825	1.748593	31.012121
1845	18954.565540	83.914297	7.980675	1.750671	30.804193
1847	18956.648168	83.591728	7.988178	1.752661	30.307176
1849	18958.731510	84.070992	8.009599	1.752089	30.141256
1851	18960.815088	83.559607	7.959658	1.753775	31.438009
1853	18962.898116	83.295586	7.979558	1.755459	30.658964
1855	18964.981321	83.428640	8.015062	1.755768	29.834596
1857	18967.064808	83.522321	8.015949	1.757413	30.727334
1859	18969.147769	83.485131	8.019863	1.758802	29.162896
1861	18971.231140	83.074865	8.084599	1.762397	28.579914
1863	18973.313517	82.684334	8.046408	1.765419	29.890157
1865	18975.395157	82.729253	8.070078	1.767228	30.136412
1867	18977.477110	82.869993	8.045057	1.770092	29.730387
1869	18979.560157	82.423408	7.994496	1.772808	30.772076
1871	18981.643659	82.504396	7.998994	1.773310	29.893983
1873	18983.728112	82.181625	8.003525	1.772412	29.552827
1875	18985.813111	82.127575	7.974531	1.772461	28.531683
1877	18987.896985	82.188195	7.983598	1.773506	28.774173
1879	18989.981426	81.289762	7.928359	1.778826	30.221895
1881	18992.064447	81.762279	7.983570	1.777341	29.462835
1883	18994.147618	82.034168	8.003728	1.778021	29.224147
1885	18996.230595	81.965308	7.996820	1.780519	30.083312
1887	18998.314455	81.800081	7.999458	1.783811	28.726526
1889	19000.398692	81.576404	8.008115	1.785708	29.319902
1891	19002.482116	81.302419	7.996562	1.787038	29.839928
1893	19004.565806	81.105613	8.023264	1.789746	29.254267
1895	19006.649757	81.074818	8.015542	1.792373	29.168012
1897	19008.731816	81.272612	7.994653	1.792076	29.536454
1899	19010.814740	81.269266	7.954824	1.791932	29.862347
1901	19012.896871	81.123256	7.964477	1.792568	28.646967
1903	19014.978874	80.602457	7.963413	1.794879	27.970168
