crossing time (s)	slope (V/s)	crossing number
281474976710655.000000	5.755337	4242	0.000000
281474976710655.000000	5.906341	4243	21541435392.000000
281474976710655.000000	6.122820	4244	21542486016.000000
281474976710655.000000	6.020168	4245	21543518208.000000
281474976710655.000000	6.097698	4246	21544574976.000000
281474976710655.000000	6.147239	4247	21545603072.000000
281474976710655.000000	5.856506	4248	21546661888.000000
281474976710655.000000	6.229932	4249	21547687936.000000
281474976710655.000000	6.551626	4250	21548748800.000000
281474976710655.000000	6.597855	4251	21549770752.000000
281474976710655.000000	6.180130	4252	21550837760.000000
281474976710655.000000	6.335407	4253	21551859712.000000
281474976710655.000000	6.372043	4254	21552922624.000000
281474976710655.000000	6.587413	4255	21553946624.000000
281474976710655.000000	6.914494	4256	21555005440.000000
281474976710655.000000	6.836539	4257	21556031488.000000
281474976710655.000000	6.424515	4258	21557092352.000000
281474976710655.000000	6.723928	4259	21558122496.000000
281474976710655.000000	6.852154	4260	21559175168.000000
281474976710655.000000	6.910738	4261	21560207360.000000
281474976710655.000000	6.985507	4262	21561260032.000000
281474976710655.000000	7.201694	4263	21562294272.000000
281474976710655.000000	7.165799	4264	21563342848.000000
281474976710655.000000	7.293369	4265	21564381184.000000
281474976710655.000000	7.142534	4266	21565429760.000000
281474976710655.000000	7.139575	4267	21566466048.000000
281474976710655.000000	7.109753	4268	21567520768.000000
281474976710655.000000	7.213192	4269	21568548864.000000
281474976710655.000000	7.602504	4270	21569605632.000000
281474976710655.000000	7.677233	4271	21570629632.000000
281474976710655.000000	7.266013	4272	21571694592.000000
281474976710655.000000	7.660900	4273	21572714496.000000
281474976710655.000000	7.815380	4274	21573779456.000000
281474976710655.000000	7.874806	4275	21574799360.000000
281474976710655.000000	7.452658	4276	21575864320.000000
281474976710655.000000	7.580928	4277	21576890368.000000
281474976710655.000000	7.946670	4278	21577947136.000000
281474976710655.000000	7.957411	4279	21578977280.000000
281474976710655.000000	7.855000	4280	21580029952.000000
281474976710655.000000	8.051346	4281	21581064192.000000
281474976710655.000000	8.250767	4282	21582112768.000000
281474976710655.000000	8.158517	4283	21583149056.000000
281474976710655.000000	8.428114	4284	21584197632.000000
281474976710655.000000	8.092231	4285	21585235968.000000
281474976710655.000000	8.027232	4286	21586284544.000000
281474976710655.000000	8.303396	4287	21587320832.000000
281474976710655.000000	8.523505	4288	21588369408.000000
281474976710655.000000	8.667357	4289	21589403648.000000
281474976710655.000000	8.177144	4290	21590452224.000000
281474976710655.000000	8.339082	4291	21591490560.000000
281474976710655.000000	8.215081	4292	21592539136.000000
281474976710655.000000	8.676734	4293	21593573376.000000
281474976710655.000000	8.778769	4294	21594624000.000000
281474976710655.000000	8.954055	4295	21595658240.000000
281474976710655.000000	8.677173	4296	21596710912.000000
281474976710655.000000	8.523193	4297	21597741056.000000
281474976710655.000000	8.701888	4298	21598797824.000000
281474976710655.000000	8.941059	4299	21599827968.000000
281474976710655.000000	9.059274	4300	21600882688.000000
281474976710655.000000	9.266765	4301	21601912832.000000
281474976710655.000000	8.632588	4302	21602967552.000000
281474976710655.000000	9.165841	4303	21603997696.000000
281474976710655.000000	8.914607	4304	21605050368.000000
281474976710655.000000	9.038545	4305	21606082560.000000
281474976710655.000000	9.094645	4306	21607137280.000000
281474976710655.000000	9.501482	4307	21608165376.000000
281474976710655.000000	9.318992	4308	21609224192.000000
281474976710655.000000	9.528426	4309	21610250240.000000
281474976710655.000000	9.562076	4310	21611309056.000000
281474976710655.000000	9.423147	4311	21612333056.000000
281474976710655.000000	9.457318	4312	21613393920.000000
281474976710655.000000	9.852503	4313	21614417920.000000
281474976710655.000000	9.814029	4314	21615478784.000000
281474976710655.000000	10.270746	4315	21616502784.000000
281474976710655.000000	9.760527	4316	21617561600.000000
281474976710655.000000	10.032244	4317	21618587648.000000
281474976710655.000000	9.790176	4318	21619646464.000000
281474976710655.000000	9.925987	4319	21620672512.000000
281474976710655.000000	9.775435	4320	21621729280.000000
281474976710655.000000	9.785887	4321	21622759424.000000
281474976710655.000000	9.993555	4322	21623810048.000000
281474976710655.000000	9.894642	4323	21624848384.000000
281474976710655.000000	10.298562	4324	21625894912.000000
281474976710655.000000	10.325601	4325	21626933248.000000
281474976710655.000000	10.327688	4326	21627977728.000000
281474976710655.000000	9.994475	4327	21629016064.000000
281474976710655.000000	10.322479	4328	21630064640.000000
281474976710655.000000	10.565089	4329	21631100928.000000
281474976710655.000000	10.222120	4330	21632149504.000000
281474976710655.000000	10.734197	4331	21633185792.000000
281474976710655.000000	10.367522	4332	21634234368.000000
281474976710655.000000	10.683299	4333	21635268608.000000
281474976710655.000000	10.299937	4334	21636319232.000000
281474976710655.000000	10.934674	4335	21637355520.000000
281474976710655.000000	10.508444	4336	21638402048.000000
281474976710655.000000	10.753945	4337	21639440384.000000
281474976710655.000000	10.821608	4338	21640484864.000000
281474976710655.000000	10.487461	4339	21641525248.000000
281474976710655.000000	10.540139	4340	21642569728.000000
281474976710655.000000	10.868392	4341	21643608064.000000
281474976710655.000000	10.953799	4342	21644654592.000000
281474976710655.000000	10.896917	4343	21645692928.000000
281474976710655.000000	10.981337	4344	21646741504.000000
281474976710655.000000	11.072668	4345	21647773696.000000
281474976710655.000000	11.521759	4346	21648828416.000000
281474976710655.000000	11.231157	4347	21649856512.000000
281474976710655.000000	11.467057	4348	21650913280.000000
281474976710655.000000	11.410570	4349	21651937280.000000
281474976710655.000000	11.178559	4350	21653000192.000000
281474976710655.000000	11.278982	4351	21654020096.000000
281474976710655.000000	11.095081	4352	21655085056.000000
281474976710655.000000	11.610908	4353	21656107008.000000
281474976710655.000000	10.735956	4354	21657167872.000000
281474976710655.000000	11.124001	4355	21658191872.000000
281474976710655.000000	11.219050	4356	21659250688.000000
281474976710655.000000	11.128326	4357	21660276736.000000
281474976710655.000000	11.488772	4358	21661333504.000000
281474976710655.000000	11.683022	4359	21662361600.000000
281474976710655.000000	11.799355	4360	21663416320.000000
281474976710655.000000	11.831586	4361	21664448512.000000
281474976710655.000000	11.606293	4362	21665501184.000000
281474976710655.000000	12.192408	4363	21666533376.000000
281474976710655.000000	11.996862	4364	21667584000.000000
281474976710655.000000	12.135143	4365	21668618240.000000
281474976710655.000000	11.757307	4366	21669666816.000000
281474976710655.000000	11.822825	4367	21670703104.000000
281474976710655.000000	11.745026	4368	21671751680.000000
281474976710655.000000	11.981666	4369	21672787968.000000
281474976710655.000000	11.750515	4370	21673836544.000000
281474976710655.000000	12.208564	4371	21674870784.000000
