crossing time (s)	slope (V/s)	crossing number
281474976710655.000000	4.910121	6164	0.000000
281474976710655.000000	5.645319	6165	23553398784.000000
281474976710655.000000	4.237445	6166	23554445312.000000
281474976710655.000000	5.864983	6167	23555483648.000000
281474976710655.000000	5.847092	6168	23556515840.000000
281474976710655.000000	5.610694	6169	23557566464.000000
281474976710655.000000	5.516891	6170	23558606848.000000
281474976710655.000000	6.021400	6171	23559651328.000000
281474976710655.000000	5.101002	6172	23560691712.000000
281474976710655.000000	6.412585	6173	23561734144.000000
281474976710655.000000	6.058597	6174	23562768384.000000
281474976710655.000000	5.965404	6175	23563819008.000000
281474976710655.000000	5.342790	6176	23564859392.000000
281474976710655.000000	6.423753	6177	23565905920.000000
281474976710655.000000	5.910045	6178	23566936064.000000
281474976710655.000000	6.661999	6179	23567990784.000000
281474976710655.000000	6.753260	6180	23569025024.000000
281474976710655.000000	6.339518	6181	23570073600.000000
281474976710655.000000	5.764216	6182	23571109888.000000
281474976710655.000000	6.697257	6183	23572158464.000000
281474976710655.000000	6.690158	6184	23573192704.000000
281474976710655.000000	6.984531	6185	23574243328.000000
281474976710655.000000	6.799844	6186	23575277568.000000
281474976710655.000000	6.909413	6187	23576328192.000000
281474976710655.000000	6.429714	6188	23577354240.000000
281474976710655.000000	7.076367	6189	23578415104.000000
281474976710655.000000	6.972904	6190	23579445248.000000
281474976710655.000000	7.392398	6191	23580499968.000000
281474976710655.000000	7.173322	6192	23581526016.000000
281474976710655.000000	7.617112	6193	23582584832.000000
281474976710655.000000	7.486740	6194	23583604736.000000
281474976710655.000000	7.694027	6195	23584671744.000000
281474976710655.000000	6.818315	6196	23585691648.000000
281474976710655.000000	8.060396	6197	23586756608.000000
281474976710655.000000	7.997801	6198	23587774464.000000
281474976710655.000000	8.326863	6199	23588843520.000000
281474976710655.000000	7.838620	6200	23589859328.000000
281474976710655.000000	8.253562	6201	23590924288.000000
281474976710655.000000	7.854917	6202	23591944192.000000
281474976710655.000000	8.331448	6203	23593011200.000000
281474976710655.000000	8.526262	6204	23594029056.000000
281474976710655.000000	8.494119	6205	23595094016.000000
281474976710655.000000	8.427518	6206	23596113920.000000
281474976710655.000000	8.894480	6207	23597176832.000000
281474976710655.000000	8.956493	6208	23598196736.000000
281474976710655.000000	8.902852	6209	23599259648.000000
281474976710655.000000	8.875611	6210	23600281600.000000
281474976710655.000000	9.576782	6211	23601346560.000000
281474976710655.000000	9.362723	6212	23602366464.000000
281474976710655.000000	9.447164	6213	23603429376.000000
281474976710655.000000	9.386928	6214	23604449280.000000
281474976710655.000000	9.602707	6215	23605514240.000000
281474976710655.000000	9.625027	6216	23606536192.000000
281474976710655.000000	9.776577	6217	23607599104.000000
281474976710655.000000	10.125201	6218	23608619008.000000
281474976710655.000000	10.067611	6219	23609683968.000000
281474976710655.000000	9.594989	6220	23610705920.000000
281474976710655.000000	9.860618	6221	23611764736.000000
281474976710655.000000	10.350310	6222	23612790784.000000
281474976710655.000000	10.681753	6223	23613849600.000000
281474976710655.000000	10.257990	6224	23614875648.000000
281474976710655.000000	10.552246	6225	23615932416.000000
281474976710655.000000	10.857951	6226	23616958464.000000
281474976710655.000000	10.676738	6227	23618015232.000000
281474976710655.000000	10.994086	6228	23619045376.000000
281474976710655.000000	10.795322	6229	23620098048.000000
281474976710655.000000	10.634455	6230	23621130240.000000
281474976710655.000000	11.074468	6231	23622180864.000000
281474976710655.000000	11.196922	6232	23623215104.000000
281474976710655.000000	11.495753	6233	23624265728.000000
281474976710655.000000	11.049763	6234	23625299968.000000
281474976710655.000000	11.602783	6235	23626350592.000000
281474976710655.000000	11.407799	6236	23627382784.000000
281474976710655.000000	12.001227	6237	23628433408.000000
281474976710655.000000	11.988670	6238	23629467648.000000
281474976710655.000000	11.970813	6239	23630518272.000000
281474976710655.000000	11.663381	6240	23631552512.000000
281474976710655.000000	11.840035	6241	23632603136.000000
281474976710655.000000	12.282772	6242	23633637376.000000
281474976710655.000000	12.797141	6243	23634688000.000000
281474976710655.000000	12.290953	6244	23635720192.000000
281474976710655.000000	13.084227	6245	23636772864.000000
281474976710655.000000	12.530074	6246	23637803008.000000
281474976710655.000000	13.162889	6247	23638857728.000000
281474976710655.000000	13.478945	6248	23639885824.000000
281474976710655.000000	13.197744	6249	23640942592.000000
281474976710655.000000	13.287253	6250	23641970688.000000
281474976710655.000000	13.594806	6251	23643029504.000000
281474976710655.000000	13.823879	6252	23644053504.000000
281474976710655.000000	13.700150	6253	23645114368.000000
281474976710655.000000	13.582333	6254	23646136320.000000
281474976710655.000000	13.297103	6255	23647197184.000000
281474976710655.000000	13.965496	6256	23648221184.000000
281474976710655.000000	14.000167	6257	23649282048.000000
281474976710655.000000	14.418369	6258	23650304000.000000
281474976710655.000000	16.460516	6259	23651368960.000000
281474976710655.000000	14.541494	6260	23652388864.000000
281474976710655.000000	14.392991	6261	23653449728.000000
281474976710655.000000	14.699072	6262	23654473728.000000
281474976710655.000000	14.733683	6263	23655534592.000000
281474976710655.000000	15.005818	6264	23656558592.000000
281474976710655.000000	14.944404	6265	23657617408.000000
281474976710655.000000	15.066943	6266	23658641408.000000
281474976710655.000000	14.947833	6267	23659702272.000000
281474976710655.000000	15.406629	6268	23660726272.000000
281474976710655.000000	15.641816	6269	23661787136.000000
281474976710655.000000	16.325785	6270	23662811136.000000
281474976710655.000000	15.768736	6271	23663869952.000000
281474976710655.000000	15.888601	6272	23664893952.000000
281474976710655.000000	16.372110	6273	23665954816.000000
281474976710655.000000	16.342352	6274	23666978816.000000
281474976710655.000000	16.606373	6275	23668037632.000000
281474976710655.000000	15.789679	6276	23669063680.000000
281474976710655.000000	16.740465	6277	23670122496.000000
281474976710655.000000	17.217070	6278	23671148544.000000
281474976710655.000000	16.311314	6279	23672205312.000000
281474976710655.000000	16.567434	6280	23673233408.000000
281474976710655.000000	16.904488	6281	23674288128.000000
281474976710655.000000	16.847809	6282	23675318272.000000
281474976710655.000000	17.053076	6283	23676370944.000000
281474976710655.000000	17.529684	6284	23677403136.000000
281474976710655.000000	17.844469	6285	23678453760.000000
281474976710655.000000	17.609467	6286	23679488000.000000
281474976710655.000000	17.921715	6287	23680538624.000000
281474976710655.000000	17.671131	6288	23681572864.000000
281474976710655.000000	17.868132	6289	23682621440.000000
281474976710655.000000	17.882357	6290	23683657728.000000
281474976710655.000000	18.302008	6291	23684706304.000000
281474976710655.000000	17.865284	6292	23685740544.000000
281474976710655.000000	18.336086	6293	23686789120.000000
281474976710655.000000	18.510767	6294	23687825408.000000
