time (s)	energy (uJ)	charge (mC)	voltage (mV)	crossing#mod 255
26996.297254	90.057480	0.035934	2.506187	78
26997.347496	72.116379	0.035932	2.007046	79
26998.385305	75.431984	0.035937	2.099013	80
26999.415420	67.571098	0.035932	1.880509	81
27000.476379	65.592178	0.035933	1.825413	82
27001.504047	70.033379	0.035931	1.949127	83
27002.549259	73.642860	0.035938	2.049171	84
27003.593224	74.388000	0.035933	2.070178	85
27004.621070	73.659485	0.035933	2.049932	86
27005.688664	66.812965	0.035934	1.859308	87
27006.689363	71.820076	0.035933	1.998741	88
27007.776539	68.664177	0.035933	1.910884	89
27008.780562	81.574471	0.035933	2.270157	90
27009.857612	63.683197	0.035931	1.772363	91
27010.857372	82.392471	0.035933	2.292919	92
27011.944939	61.311115	0.035931	1.706354	93
27012.940079	75.356728	0.035937	2.096934	94
27014.020510	69.333061	0.035942	1.929016	95
27015.014758	77.761337	0.035936	2.163886	96
27016.113144	67.010773	0.035932	1.864956	97
27017.107708	79.631432	0.035934	2.216060	98
27018.174858	70.653038	0.035939	1.965941	99
27019.190745	77.472908	0.035934	2.155998	100
27020.249732	72.662201	0.035938	2.021892	101
27021.391425	33.659622	0.035934	0.936697	102
27022.330139	78.015190	0.035939	2.170760	103
27023.379366	72.651886	0.035935	2.021772	104
27024.408677	73.204147	0.035938	2.036951	105
27025.449724	71.768639	0.035935	1.997202	106
27026.490309	71.991440	0.035938	2.003208	107
27027.523179	85.435303	0.035936	2.377427	108
27028.601341	66.735023	0.035935	1.857123	109
27029.602447	82.552559	0.035937	2.297156	110
27030.678215	70.681587	0.035935	1.966904	111
27031.684261	79.057648	0.035936	2.199931	112
27032.742363	79.389503	0.035934	2.209336	113
27033.785662	76.677551	0.035941	2.133418	114
27034.813018	79.246140	0.035936	2.205220	115
27035.875970	75.453262	0.035932	2.099874	116
27036.907686	76.404167	0.035935	2.126168	117
27037.942381	85.386314	0.035934	2.376215	118
27039.009200	70.077736	0.035935	1.950137	119
27040.010999	87.824707	0.035936	2.443922	120
27041.108317	71.674706	0.035933	1.994699	121
27042.093714	82.659706	0.035933	2.300375	122
27044.186799	80.014320	0.035933	2.226776	124
27045.243556	77.370750	0.035940	2.152781	125
27046.284033	75.204269	0.035939	2.092573	126
27047.325169	77.380081	0.035938	2.153152	127
27048.370629	77.758957	0.035933	2.164006	128
27049.391254	80.560654	0.035936	2.241776	129
27050.446556	81.277557	0.035936	2.261725	130
27051.479289	81.636940	0.035935	2.271783	131
27052.534412	105.800209	0.035933	2.944383	132
27053.558111	79.878632	0.035937	2.222757	133
27054.617112	79.739601	0.035935	2.219005	134
27055.643204	82.451080	0.035933	2.294590	135
27056.695914	79.289246	0.035934	2.206500	136
27057.726852	83.054558	0.035937	2.311141	137
27058.765280	83.938812	0.035935	2.335882	138
27059.810611	83.545822	0.035935	2.324940	139
27060.884423	71.278076	0.035934	1.983595	140
27061.897470	78.622009	0.035935	2.187900	141
27062.922724	82.668480	0.035933	2.300645	142
27063.988828	80.375282	0.035936	2.236637	143
27065.000322	90.005325	0.035936	2.504574	144
27066.077913	74.939896	0.035935	2.085409	145
27067.085223	86.248657	0.035940	2.399791	146
27068.162308	75.429634	0.035939	2.098830	147
27069.171582	86.745728	0.035935	2.413995	148
27070.225122	81.298683	0.035939	2.262119	149
27071.269532	81.765411	0.035934	2.275453	150
27072.296080	84.094536	0.035932	2.340405	151
27073.351560	83.714149	0.035934	2.329636	152
27074.380252	85.071175	0.035931	2.367604	153
27075.426866	84.260704	0.035939	2.344578	154
27076.479140	78.978172	0.035936	2.197717	155
27077.501469	86.415115	0.035936	2.404716	156
27078.579511	77.967720	0.035937	2.169593	157
27079.569985	93.833313	0.035940	2.610837	158
27080.656852	76.669930	0.035936	2.133492	159
27081.663087	89.241737	0.035931	2.483708	160
27082.715459	81.171165	0.035934	2.258870	161
27083.748999	88.151909	0.035935	2.453104	162
27084.810283	79.498497	0.035935	2.212260	163
27085.843106	86.452477	0.035933	2.405930	164
27086.877396	83.895515	0.035934	2.334696	165
27087.934187	82.077202	0.035936	2.283961	166
27088.953854	85.942101	0.035935	2.391622	167
27090.011613	83.376190	0.035935	2.320227	168
27091.031586	87.687065	0.035934	2.440232	169
27092.100942	82.751999	0.035934	2.302915	170
27093.119259	88.260147	0.035939	2.455822	171
27094.184241	81.907310	0.035937	2.279170	172
27095.203114	87.179817	0.035939	2.425788	173
27096.265535	82.256866	0.035935	2.289075	174
27097.292310	86.027153	0.035932	2.394199	175
27098.341968	83.964401	0.035932	2.336749	176
27099.370054	85.086311	0.035941	2.367394	177
27100.453759	65.036095	0.035933	1.809933	178
27101.458326	85.111549	0.035933	2.368609	179
27102.503528	85.326599	0.035935	2.374464	180
27103.340544	24.860950	0.035931	0.691903	181
27104.592122	83.666756	0.035938	2.328098	182
27105.620318	85.932137	0.035932	2.391502	183
27106.667775	86.447067	0.035936	2.405577	184
27107.698420	86.835770	0.035936	2.416411	185
27108.745788	87.872795	0.035934	2.445394	186
27109.786143	84.438049	0.035933	2.349885	187
27110.826887	88.218430	0.035934	2.455019	188
27111.874845	82.548317	0.035933	2.297253	189
27112.962658	61.970024	0.035934	1.724565	190
27113.965974	81.036087	0.035936	2.255023	191
27114.974005	91.498543	0.035934	2.546295	192
27116.050643	81.060310	0.035933	2.255876	193
27117.033246	101.627716	0.035933	2.828233	194
27118.131765	84.584015	0.035935	2.353788	195
27119.141258	91.576454	0.035933	2.548530	196
27120.216435	82.685112	0.035933	2.301115	197
27121.242797	85.892639	0.035935	2.390204	198
27122.274477	90.692276	0.035936	2.523717	199
27123.332604	85.037300	0.035931	2.366676	200
27124.355813	89.461884	0.035934	2.489620	201
27125.408417	87.540955	0.035933	2.436251	202
27126.445546	86.660759	0.035933	2.411751	203
27127.481420	91.598747	0.035933	2.549149	204
27128.528079	86.870094	0.035934	2.417478	205
27129.551979	96.384262	0.035935	2.682163	206
27130.620045	83.175217	0.035934	2.314667	207
27131.628158	95.978424	0.035933	2.671021	208
27132.705293	84.051132	0.035932	2.339163	209
27133.714485	94.212204	0.035932	2.621940	210
27134.789922	84.765457	0.035935	2.358835	211
27135.799743	93.779793	0.035936	2.609634	212
27136.878311	82.777603	0.035935	2.303537	213
27137.884988	92.585953	0.035932	2.576720	214
27138.950672	86.228836	0.035937	2.399418	215
27139.972369	91.183662	0.035933	2.537596	216
27141.022233	89.982788	0.035932	2.504220	217
27142.056511	90.497612	0.035932	2.518591	218
27143.109353	86.733459	0.035940	2.413296	219
27144.141515	88.661636	0.035937	2.467128	220
27145.185897	89.028152	0.035935	2.477449	221
27146.220700	90.399391	0.035941	2.515196	222
